0752
0080
0740
0490
0501
0510
0502
0511
0760
0071
0951
0130
0110
0094
0012
0872
0710
0891
0470
0950
0920
0420
0650
0230
0802
0801
0270
0060
0751
0460
0551
0790
0750
0940
0701
0810
0451
0930
0841
0800
0702
0011
0561
0875
0938
0730
0250
0432
0301
0601
0960
0670
0320
0840
0690
0825
0050
0430
0261
0431
0851
0680
0622
0400
0480
0481
0948
0390
0970
0780
0120
0770
0370
0360
0410
0700
0210
0720
0591
3375
3120
3611
3621
3770
3221
3061
3021
3924
3081
3861
3270
3170
3100
3360
3925
3110
3911
3380
3410
3240
3923
3230
3922
3200
3150
3095
3210
3643
2177
2142
1471
2471
2044
1040
2040
1050
2050
1440
2390
1750
2600
1630
2253
2530
1632
2531
2251
2331
1730
2590
2108
1513
1751
2751
9105
1051
2051
2760
1027
1104
2101
2031
2011
1601
1600
1582
2582
1023
2027
1442
1617
1661
2571
1350
2391
1177
1178
1179
9545
2060
1800
2570
2175
1611
2611
2630
1443
2041
1641
2980
2880
2975
2193
1024
2028
9520
9521
1564
2481
1431
2381
1472
2472
1989
1988
1837
2035
1297
2264
2277
1900
1910
2900
2910
9537
9538
1663
2573
1625
2520
1540
1662
2572
9772
9546
1555
2395
1790
2434
1780
1562
2562
1541
2450
1530
2302
1114
2114
1282
2282
2972
2631
1626
1633
1340
2960
1028
1615
1022
2026
2121
1592
2592
1550
1176
2176
1301
9547
1875
1391
1021
2973
1121
1590
9539
9540
1570
1613
2613
1070
2070
2034
1938
2938
2521
2107
1160
2150
2151
1150
2140
1741
2036
1321
2324
1322
1170
2835
2170
2172
2104
1125
1320
2290
4223
4224
1810
1512
2432
1370
2320
2220
1221
1222
1560
2470
2105
2974
1390
2340
9510
9511
2042
2043
1740
2160
2045
1030
2030
1760
1612
2612
1581
2491
1380
2330
1614
2614
9535
9536
1982
2982
2025
1048
2048
9541
1250
2240
1948
2012
2301
2085
1950
2950
1511
2431
2106
1500
2420
1025
2029
2551
2268
2971
1240
2230
1351
2351
1403
1402
2350
1401
1110
1140
2130
1130
2120
1441
2441
1563
1576
2625
1029
7785
7140
6335
6224
7170
6298
7132
7150
7130
6981
8070
6320
7385
7371
7372
7862
6051
7460
7450
6490
7102
6105
6042
7861
7931
6301
6300
7180
7890
7660
7992
7866
7871
6903
7872
7480
7645
7101
7643
7957
7967
7937
7947
7110
6033
7471
7030
6213
7631
7889
7980
7914
7863
7120
7795
8090
7632
6990
6792
6960
6920
6910
6837
7960
7700
9771
7940
7482
7591
7904
7114
7152
7873
6543
7911
7930
7761
7932
6420
7302
7301
7161
7901
7798
6697
6592
7151
6176
6225
7908
7524
7912
7630
7473
6836
6281
6285
6415
7612
7780
7061
6151
7072
6801
6790
6835
6791
6785
6120
6892
6921
6515
7892
7893
6500
6793
7900
7070
7916
7620
6461
7913
7875
7680
7650
7483
7864
7080
6772
6352
7010
7472
6381
7481
6980
7474
7835
7796
6032
6012
7020
7834
7210
6175
7646
6480
8080
7103
6223
7917
7723
7910
6288
7670
6289
6351
7970
6560
7625
7918
9500
9503
9630
9502
9501
9641
9640
9722
9721
9723
9657
9658
9659
9660
9625
9627
9634
9633
9624
9626
9635
9661
9631
9628
9629
9632
9663
9662
9664
9665
9667
9666
9670
9671
9668
9669
9674
9672
9685
9677
9706
9682
9693
9678
9690
9683
9688
9673
9691
9692
9675
9694
9679
9687
9681
9684
9686
9680
9676
9689
9695
9697
9700
9728
9696
9698
9699
9705
9704
9703
9701
9702
9729
9758
9759
9737
9738
9739
9740
9741
9714
9711
9712
9713
9716
9715
9744
9745
9746
9747
9748
9749
9750
9751
9752
9753
9754
9755
9762
9763

